490 466
836 987
954 780
787 231
275 647
300 200
960 822
534 206
713 400
888 990
912 223
237 283
585 120
330 631
954 736
390 695
139 99
333 83
563 692
998 820
675 225
787 352
303 259
909 685
411 42
714 972
607 557
122 476
485 185
78 334
715 563
64 520
205 104
307 789
419 435
566 450
456 928
864 191
127 479
418 319
170 444
838 102
348 548
313 520
439 443
577 269
729 206
697 354
148 228
16 810
938 60
517 675
969 298
984 743
124 666
655 107
676 753
268 879
530 178
843 916
81 735
258 515
47 469
166 164
629 195
523 417
621 264
206 865
188 882
616 372
739 32
86 844
670 525
944 624
729 770
91 938
176 558
2 555
783 327
184 677
8 942
401 735
519 686
318 826
19 695
418 150
434 978
546 301
200 669
420 841
770 822
283 830
355 75
279 852
66 971
336 957
434 807
681 504
316 618
285 231
994 903
974 752
274 769
200 780
542 977
435 37
985 685
46 563
807 115
214 767
402 532
994 871
670 604
738 451
978 545
150 471
992 916
389 977
444 951
394 372
892 900
306 283
554 912
553 493
625 849
931 182
425 367
465 192
387 344
297 548
991 707
580 763
590 724
160 180
196 166
612 183
312 406
511 71
61 308
434 567
714 650
236 745
33 970
51 628
952 145
34 208
340 295
597 101
850 110
190 906
438 310
103 405
613 228
676 761
83 880
994 841
980 587
51 133
884 882
876 849
931 848
819 400
643 988
222 934
422 874
915 684
45 201
611 711
284 911
315 398
112 897
493 713
297 544
441 683
390 873
423 929
888 302
898 522
842 338
750 637
664 725
307 479
157 291
255 843
906 606
940 86
930 83
27 132
66 565
920 41
681 152
630 680
607 325
672 846
830 197
538 56
359 496
326 578
793 993
980 148
726 951
442 588
665 183
547 903
188 494
858 170
967 729
563 994
469 52
700 432
287 110
698 284
741 387
501 731
643 218
648 430
744 130
557 685
408 230
977 820
93 17
275 200
937 124
440 299
969 62
150 815
257 606
773 839
158 636
477 641
976 806
510 868
644 306
571 905
830 396
998 461
952 840
47 173
420 275
62 799
370 831
14 424
432 318
462 487
521 940
787 344
837 610
12 109
497 661
228 686
