361 252
711 977
952 554
548 475
220 452
933 723
867 385
341 570
20 849
945 30
233 703
653 277
567 907
439 976
327 607
12 258
791 443
652 421
787 140
81 167
526 53
766 375
614 880
245 311
216 52
668 555
948 521
109 405
762 816
52 451
813 903
9 197
759 658
649 216
694 155
45 22
461 900
690 846
692 488
279 109
41 268
664 162
357 803
233 248
358 674
310 43
372 162
745 845
734 308
252 291
736 205
894 590
766 838
473 96
900 152
985 52
980 764
22 500
241 916
314 513
657 799
330 498
270 629
607 835
594 506
216 929
921 654
533 48
509 444
44 921
777 159
253 290
487 712
156 777
135 528
880 606
601 378
476 448
768 911
946 927
348 160
969 160
252 403
686 86
334 231
784 355
212 421
703 118
238 268
746 238
344 908
308 381
224 762
710 323
710 381
426 559
660 392
918 186
663 298
292 466
963 347
623 707
271 473
189 590
378 516
646 331
264 72
791 511
358 193
952 902
365 22
379 686
822 651
513 244
655 946
695 300
712 673
923 212
350 713
810 687
704 444
96 856
455 729
317 119
944 905
265 429
382 484
735 935
963 225
648 860
419 603
446 903
372 962
528 686
895 4
764 413
966 728
732 927
361 369
961 317
498 586
668 162
998 741
833 941
506 398
38 539
340 183
742 330
876 919
629 537
830 71
573 252
541 614
863 577
558 294
508 599
330 791
783 956
392 844
517 74
316 695
911 421
722 676
279 875
709 670
102 988
580 954
213 828
972 37
91 617
254 579
111 365
880 163
484 906
967 977
210 268
553 631
283 660
166 0
196 794
488 314
463 623
374 864
29 905
801 838
220 307
103 11
650 285
583 955
96 581
99 773
362 800
403 146
469 12
947 435
98 926
918 529
571 136
425 301
651 873
780 653
196 957
561 415
212 200
786 447
711 964
434 367
395 309
581 856
780 182
697 524
4 678
313 542
341 367
953 358
962 33
628 485
641 716
579 245
408 303
178 153
754 251
753 854
986 754
650 835
558 586
86 970
356 949
562 385
588 774
687 1
603 569
181 201
983 715
635 60
182 208
957 462
750 87
360 347
274 292
396 578
765 492
47 714
594 679
817 676
545 413
690 712
33 816
165 831
483 911
750 450
257 771
385 857
900 165
705 389
268 440
385 779
194 592
825 142
213 527
548 903
564 326
143 807
648 42
923 877
43 476
491 827
176 407
33 696
747 995
166 786
465 965
994 842
782 839
163 116
180 176
100 430
590 315
860 565
572 424
263 80
755 835
899 267
158 827
829 638
555 943
206 831
870 256
456 977
86 149
580 729
847 3
544 969
668 983
583 121
259 501
504 356
25 236
483 819
674 26
637 109
314 0
237 320
891 40
64 717
372 546
872 487
122 566
708 853
309 361
218 527
351 428
543 724
337 212
292 397
783 968
748 665
998 431
249 934
368 852
23 866
504 145
578 163
917 718
292 601
798 967
782 422
411 325
713 242
836 879
239 795
918 699
594 230
812 401
837 787
77 863
721 535
433 636
176 80
593 622
298 534
611 761
53 834
714 917
503 546
504 830
685 59
376 579
951 815
605 928
790 83
963 343
330 341
518 50
852 403
993 587
615 134
488 411
466 993
708 137
229 478
481 706
530 234
773 557
158 53
252 507
801 254
904 321
14 948
467 796
837 935
255 459
788 31
921 952
509 569
979 187
869 655
353 805
249 577
722 889
970 746
577 664
163 419
268 948
765 673
53 153
857 203
836 686
65 425
664 365
953 322
21 926
162 425
270 535
352 387
640 195
899 650
304 456
471 41
955 187
