47 655
494 993
861 958
888 124
864 500
279 310
344 467
793 970
333 496
618 148
929 288
861 645
254 16
331 560
779 613
601 939
19 582
797 985
928 179
198 546
691 622
11 194
758 759
906 974
943 989
214 779
331 750
13 238
492 50
609 489
675 615
189 124
650 95
85 75
471 248
38 323
511 123
522 614
515 649
680 832
51 903
512 100
520 712
105 888
318 256
802 558
908 482
144 567
138 765
205 132
481 949
608 868
752 255
641 376
838 915
164 524
492 967
864 434
322 880
590 124
15 250
321 518
718 518
433 991
11 185
796 438
209 98
54 867
129 150
46 156
56 672
152 699
162 752
288 387
460 859
780 788
144 836
152 330
656 338
9 197
566 846
598 717
195 523
523 855
284 723
832 886
592 404
152 665
141 737
850 875
263 951
319 37
170 551
341 277
748 861
459 555
22 281
780 697
465 496
811 279
