891 739
180 922
749 631
334 234
713 598
758 478
988 709
159 557
434 986
700 868
373 309
500 365
714 869
363 137
418 303
431 630
915 567
808 337
606 345
444 854
784 320
867 664
984 407
874 147
676 266
472 707
233 945
542 128
499 854
422 206
228 552
736 784
552 889
448 741
806 458
22 323
608 219
981 194
333 992
29 321
858 729
828 599
921 977
334 464
491 676
308 46
147 51
169 806
821 18
497 127
263 816
570 350
241 956
114 411
733 472
884 954
23 45
63 8
37 325
744 251
889 451
828 828
738 267
233 654
635 113
964 207
75 955
533 279
26 774
765 804
704 844
839 250
201 333
192 58
197 787
873 72
120 761
299 583
227 292
983 81
126 341
67 865
328 403
264 445
767 25
321 836
964 932
303 644
393 964
277 651
688 126
71 515
154 367
449 15
915 543
713 252
358 481
481 278
532 632
733 87
76 957
860 120
859 569
632 943
680 203
392 289
346 199
19 739
937 76
923 653
374 185
938 314
888 87
161 160
692 206
64 765
317 461
283 793
68 119
774 969
572 248
373 518
107 258
315 847
2 313
114 83
958 573
997 82
523 144
481 727
932 247
696 917
140 521
530 598
555 229
268 912
777 195
409 164
164 373
347 345
326 463
409 120
786 885
566 31
11 127
680 641
338 899
153 283
440 977
279 464
365 778
256 273
710 466
534 729
60 884
395 173
391 883
214 655
284 379
380 335
33 568
660 957
178 691
545 648
22 589
310 294
707 51
840 486
88 542
84 95
40 275
542 762
420 908
550 87
386 832
337 494
344 206
275 373
472 786
769 469
141 250
221 332
457 879
463 293
927 646
469 482
83 316
860 290
807 960
721 706
200 8
659 790
323 155
611 594
778 402
580 488
747 122
672 734
924 822
600 827
617 942
781 123
112 981
143 261
982 132
929 405
244 74
827 877
654 304
147 915
737 975
535 802
777 737
199 919
741 432
177 86
701 990
562 861
64 558
451 205
556 697
450 928
274 972
623 884
779 687
814 879
763 916
725 792
706 950
56 428
485 424
985 942
822 825
311 771
864 115
117 831
820 842
810 536
127 782
702 819
866 708
731 614
981 52
565 263
26 837
767 89
173 188
777 878
457 243
14 162
638 448
151 603
693 201
830 834
210 431
658 68
454 333
92 163
160 245
399 383
19 357
888 377
636 4
872 195
246 279
327 847
192 869
279 627
208 333
685 992
93 269
184 731
171 909
619 70
760 347
829 734
383 610
168 207
521 753
973 82
330 763
558 891
355 537
303 260
44 164
438 497
341 20
233 71
108 177
638 343
931 708
380 679
226 548
696 640
768 841
822 803
914 431
605 345
876 420
675 491
211 419
269 157
814 284
460 494
462 42
899 948
269 741
947 718
323 967
60 927
457 900
991 317
31 659
599 236
574 815
298 128
789 686
199 970
431 485
349 877
40 231
554 253
421 103
631 308
257 664
460 234
350 676
362 873
491 988
152 405
652 421
776 809
732 728
679 290
395 65
893 774
346 95
723 115
241 658
350 719
999 741
17 134
632 468
465 238
664 154
433 327
989 602
535 67
753 4
405 268
