127 877
782 506
554 334
39 472
191 626
592 556
988 188
245 753
574 452
114 672
787 705
274 911
719 803
314 345
747 931
892 151
767 357
584 720
407 383
664 946
654 667
909 168
366 888
85 415
547 723
669 1
815 9
569 941
89 58
272 986
64 530
126 50
7 303
793 893
587 722
221 167
223 342
203 148
822 629
714 249
868 884
971 946
940 933
661 227
15 428
808 341
205 926
309 24
671 350
883 337
262 903
51 747
872 39
43 666
211 791
855 529
983 135
702 491
522 242
745 399
580 406
749 393
309 522
158 378
356 939
191 812
836 503
383 403
412 393
865 548
323 18
85 345
656 582
287 707
408 419
291 840
158 173
314 27
733 594
728 675
142 3
999 453
441 366
4 149
898 278
302 693
623 197
953 204
942 454
969 131
813 959
825 396
935 422
709 865
752 139
187 230
386 325
905 194
900 979
190 164
510 728
939 425
898 907
416 498
58 421
533 603
557 169
215 491
92 970
92 900
23 985
897 422
771 225
322 905
710 814
231 794
316 197
516 173
655 753
156 142
280 180
285 855
280 819
534 695
222 237
499 901
905 184
521 212
149 236
240 764
883 587
273 647
558 71
575 810
452 103
38 607
228 51
923 222
704 911
91 437
61 773
96 891
481 773
692 426
739 474
691 807
502 286
805 437
703 445
142 612
805 362
593 932
877 302
859 789
769 954
302 699
984 16
723 40
368 846
406 55
942 21
938 994
346 704
972 949
959 4
480 56
294 968
157 174
58 59
387 951
632 506
331 906
169 257
377 666
799 305
5 831
457 191
784 918
528 868
374 616
34 376
712 853
897 151
804 637
58 894
685 990
890 303
868 579
773 277
960 609
784 837
173 945
279 923
450 555
679 791
619 621
380 877
732 984
121 145
137 672
657 512
789 314
151 195
892 133
675 231
649 600
267 166
828 983
0 750
961 45
180 633
843 792
608 320
480 268
38 34
65 455
567 722
364 669
288 33
344 260
453 463
84 470
699 321
629 45
928 999
14 157
149 171
577 952
299 722
377 369
316 652
416 236
175 709
522 690
64 425
764 26
56 72
829 454
530 725
453 825
555 400
33 569
870 210
128 785
617 938
278 861
156 42
924 146
124 597
672 744
371 669
903 479
494 875
79 476
995 308
664 975
426 254
771 415
449 650
434 35
658 791
609 482
140 624
167 583
149 268
646 9
258 72
126 420
912 96
17 699
95 755
80 757
638 713
792 985
470 214
102 520
891 647
996 202
953 450
448 147
428 925
799 217
82 444
651 33
209 241
90 783
485 800
831 708
376 845
691 888
391 577
415 488
95 307
471 517
157 763
710 920
688 390
162 406
545 582
468 175
