678 561
341 110
287 334
759 330
55 112
760 744
29 540
552 262
486 469
947 244
153 921
906 385
502 630
392 379
712 233
222 465
868 244
802 144
902 700
191 900
711 866
521 311
886 752
477 151
331 124
757 946
383 645
259 297
951 747
67 437
966 64
881 358
485 511
149 240
584 608
485 49
8 443
54 787
247 755
890 970
417 488
648 289
548 163
381 599
305 446
378 90
448 484
809 376
153 454
428 794
836 177
790 327
536 371
987 999
708 813
431 599
619 984
76 943
953 525
522 276
130 126
215 603
401 59
935 640
702 97
685 561
297 566
865 606
455 78
261 37
693 705
520 962
88 374
558 252
721 760
285 725
878 928
824 185
323 765
379 692
679 978
553 573
511 523
347 477
862 656
970 474
999 352
626 301
134 201
774 46
652 400
750 67
86 687
665 911
637 266
927 358
30 868
94 157
395 542
41 628
204 55
86 197
114 96
986 246
149 745
879 779
819 421
639 332
818 312
455 728
585 52
101 989
432 310
346 421
980 291
666 225
234 169
255 102
901 198
726 404
712 865
416 728
652 363
673 114
439 792
228 505
569 609
872 285
995 876
356 569
773 545
716 217
487 887
617 694
449 816
551 333
505 256
577 940
430 407
38 802
145 999
236 756
183 248
934 148
673 887
977 335
867 62
787 723
569 169
322 141
5 706
694 673
641 725
415 37
948 113
795 316
536 763
176 967
531 558
502 626
570 3
623 343
793 446
979 946
128 254
895 433
827 128
94 105
771 585
584 614
382 923
207 678
86 598
697 85
609 873
790 755
460 242
274 243
665 880
565 648
342 180
449 979
8 872
449 253
1 954
601 161
447 960
330 263
533 704
48 225
207 220
926 83
813 34
695 681
566 194
196 933
266 287
954 750
894 403
867 611
