484 789
570 33
568 954
451 681
387 838
6 756
614 762
798 590
765 952
287 329
165 604
820 37
560 419
70 966
410 39
460 212
526 613
273 747
706 964
42 330
775 451
800 466
507 834
497 795
605 534
930 273
910 135
282 379
784 893
175 773
218 749
641 851
16 853
929 940
743 864
649 19
818 795
675 962
787 20
310 90
709 687
483 612
441 49
718 931
642 924
630 128
22 123
491 66
17 323
86 619
175 218
504 719
184 842
971 841
10 770
736 409
899 184
782 255
683 933
824 607
204 587
204 637
330 482
581 148
353 571
506 125
996 822
771 816
487 606
198 195
933 331
617 239
902 767
41 539
430 27
162 360
147 311
732 66
178 1
794 628
853 149
540 617
402 884
549 738
692 524
746 567
821 699
284 869
501 5
210 977
85 396
958 606
643 763
681 868
361 451
50 410
772 826
838 347
838 113
886 130
873 895
517 631
973 466
926 771
226 975
393 230
946 872
241 838
430 208
568 200
671 802
47 732
710 851
389 720
594 380
429 429
154 839
681 296
552 628
549 321
87 432
411 823
992 260
747 519
128 489
467 855
451 62
281 405
483 395
304 708
643 272
797 424
719 571
184 622
407 50
180 976
119 58
325 130
790 117
738 332
67 725
579 948
922 50
661 833
190 833
879 44
547 231
145 853
870 556
503 102
