1786 587
1229 262
677 1441
719 1945
876 1005
1395 188
237 380
1529 1082
619 648
709 732
193 710
1472 539
1309 568
987 141
919 208
1814 1783
1946 1208
125 93
1480 1125
907 1952
785 1637
356 123
236 395
887 1042
1913 858
484 259
592 1738
1024 1979
557 688
1089 844
1464 777
155 153
1594 111
647 941
1552 1910
1840 1577
1063 1296
236 1100
1429 488
926 1926
664 1393
1938 1013
913 1665
118 1044
1270 976
227 101
666 1583
1572 840
1701 1278
1310 1905
1616 1502
1271 455
170 568
970 1742
1242 1722
1959 1414
1509 214
1836 877
1201 1301
1989 1238
1197 459
625 1222
507 1807
788 1245
1342 1436
1157 192
1913 1191
1264 1838
286 999
538 1896
1471 666
1611 696
1426 1637
1564 831
1695 1399
845 1798
90 944
1994 1874
1033 199
852 1824
1973 1273
922 1867
1505 1251
193 403
950 1896
294 1649
1283 198
297 459
1791 770
496 1970
829 177
939 374
1170 1111
1913 1595
615 182
321 101
1561 1192
624 171
45 45
943 463
1589 820
196 864
1493 1574
353 393
1321 268
1776 359
1686 1086
1364 1286
1099 1169
1673 837
1553 1545
1802 36
116 404
489 690
459 614
387 1637
386 1542
502 44
607 456
1901 1962
1311 119
1166 1465
1501 53
516 118
1886 1210
1591 1331
646 1277
1243 1760
1295 375
645 204
114 1161
675 1612
121 725
1035 1363
1413 563
214 1829
1744 835
1896 1547
202 1833
1663 1110
1750 499
1550 1829
1534 1407
580 1682
1953 1952
96 574
1582 1153
492 1754
1580 74
1243 625
49 507
1610 368
570 21
918 36
429 1424
1335 538
1867 541
608 812
66 1409
96 1319
1625 1477
1266 1657
603 282
729 1246
1840 174
1695 820
1962 992
1552 1558
1598 787
1613 977
148 309
260 1552
819 645
1568 282
350 741
1503 1736
72 1696
958 25
1535 110
461 1366
1799 320
407 1367
1807 524
1993 861
784 1161
1227 92
1474 60
1328 1669
209 1741
1466 1374
816 975
1396 668
1691 1779
683 1697
361 754
147 1232
1787 28
959 694
598 980
328 884
1772 595
126 217
201 239
555 1458
1374 1478
1176 830
1810 1906
1574 1925
1019 869
76 1409
782 37
592 1799
1462 82
508 449
1910 1746
1975 1872
858 238
789 44
1147 1069
1709 1907
1063 55
213 289
144 1318
1846 101
1918 1973
507 441
1797 710
329 1853
1929 1835
1648 586
484 18
1335 490
1497 1356
768 472
746 1192
620 580
1933 1350
1625 836
674 1233
1634 248
257 609
1102 755
958 1422
1270 564
1838 574
501 1656
289 942
251 127
1568 703
761 1298
1872 1768
1366 1483
1626 1570
1954 403
74 42
990 463
693 867
1501 1318
874 1654
727 1711
168 82
302 1752
1723 1485
508 1213
1406 1426
51 1878
1649 1909
1122 1193
1547 1873
1467 1024
710 984
1377 733
733 1223
406 1563
793 167
1708 753
1228 1580
836 1671
1963 1446
33 1686
55 386
1201 1032
373 363
901 476
351 163
1365 1898
633 905
800 782
163 880
347 1074
378 851
283 1382
323 317
1099 171
806 1782
1726 1546
1664 307
1613 271
1370 809
37 1368
