1412 335
1232 1095
219 1292
1622 474
726 1846
1178 1467
1434 468
1074 1977
520 1086
1918 934
1938 1590
999 826
1446 1504
738 572
274 1958
1346 1014
1572 1032
1205 583
1792 1449
355 1277
1257 375
363 1688
1761 879
938 1797
1112 1199
48 1313
1107 1229
1461 1242
1109 1504
958 207
103 950
1066 222
1191 1710
653 1132
345 109
858 1531
1270 1359
933 1560
1219 750
1344 803
5 63
1239 1585
1081 829
1498 1422
1720 825
253 1668
1547 1623
524 332
1819 642
417 121
1645 803
291 658
219 729
361 578
492 1333
1723 574
64 1352
398 1832
1989 264
1800 1079
1829 873
110 703
895 694
638 853
811 1345
1189 792
1404 881
1901 166
1800 615
978 1976
1836 1977
1460 122
1800 286
300 1496
223 644
4 555
398 145
1546 1940
851 941
1650 660
449 693
1282 1563
833 1626
491 1728
298 1639
1410 1828
1910 339
1206 1196
5 1358
270 818
71 458
799 1042
1359 1194
87 1767
1603 1169
1923 1759
1465 642
1922 78
90 98
1183 1641
1480 1397
1723 1059
710 840
1928 67
1735 758
1427 310
148 450
480 1586
560 1472
282 1367
236 654
1150 996
1867 665
1602 758
980 1058
756 1498
167 49
1962 21
1917 1047
1725 1463
700 318
1252 1969
353 1618
1053 1258
739 290
900 350
1669 850
768 1466
508 429
1752 548
1735 1764
1379 1876
725 933
1147 1
1535 612
1727 680
1220 1096
1035 888
247 1380
504 939
1058 1937
145 511
1467 702
1507 411
1890 939
1212 1155
244 1277
1233 1119
381 1
262 1804
1169 1877
67 1612
1958 1298
1420 1652
1738 477
11 1652
1054 973
909 1468
1996 1196
1347 995
1502 239
1643 468
1805 464
935 900
1892 1703
1757 1401
261 563
299 139
792 1531
496 180
1741 1202
666 1683
1066 911
1721 1852
1123 372
1193 1313
1285 881
1541 1475
1593 1868
859 1849
193 412
1700 1839
348 419
343 1692
417 822
99 1792
1521 1634
1077 1859
1003 122
1373 1696
1700 207
316 759
1136 511
1857 8
1975 1687
13 425
624 1598
518 828
961 1541
914 58
1939 1253
719 1114
123 1969
1115 976
819 841
1535 1028
453 1077
1554 1106
131 217
1219 67
1541 897
52 1737
234 1159
994 817
807 1535
1379 1509
1923 915
143 653
359 1284
191 333
1830 764
1535 372
1001 1945
1730 1359
465 991
1737 1030
1114 291
294 608
1460 1455
1857 938
15 1967
546 1918
1464 1403
736 1551
1865 1139
1771 1805
1830 202
1250 1844
474 278
1319 1987
898 1195
1218 1195
558 1712
1985 873
1765 1438
1510 722
1429 1963
1313 1646
1656 1032
789 1695
1932 424
1088 1859
1569 773
52 1254
1430 162
497 1750
950 289
745 1208
1586 1844
1321 1529
1498 367
871 718
1713 1005
1816 1781
1819 344
479 437
1147 1068
111 1113
1023 128
1378 1397
730 225
513 699
1107 1155
1925 98
1986 312
1865 1872
190 12
151 250
360 1346
353 1698
1621 1293
506 641
146 304
1414 365
1400 1228
443 1683
571 398
736 998
990 971
955 1022
802 1903
786 902
1207 1543
128 442
950 892
1174 156
616 1057
1170 1841
22 1687
1646 329
1855 540
1227 145
711 1440
1848 664
589 1211
363 1008
403 1975
572 1189
1176 1464
815 1286
1104 1792
1569 1902
314 850
1865 1674
61 1357
508 1707
988 268
1221 1350
1626 681
1816 1370
1816 799
484 579
1477 1420
1481 1968
1748 844
255 587
672 1574
1377 833
932 1545
320 418
633 1401
245 758
63 863
1965 1954
1640 20
1730 1208
18 1328
1859 1121
1615 1962
1761 1673
1570 641
1236 907
860 332
1971 1880
1 477
554 136
654 1193
1268 64
1836 156
1114 311
