1784 1679
569 97
1649 476
1390 1360
430 340
134 347
1790 1113
1289 1193
360 1992
554 297
178 1609
822 1745
631 1555
196 491
1305 1661
1760 320
515 679
284 699
156 833
1893 363
567 934
397 388
296 1451
1298 1472
1570 103
1571 530
243 1380
861 1001
1535 620
1962 1544
998 663
201 758
1910 497
275 1431
1495 1831
1187 1648
1637 620
460 1579
78 1847
183 257
1285 1017
586 906
1271 1346
1300 113
895 996
1519 1659
1662 134
1740 585
174 1073
1944 216
177 473
1143 540
649 201
1969 212
120 68
1831 500
1236 1595
1577 1442
785 1815
153 467
984 1891
1309 777
448 189
1865 1405
1307 1796
634 1690
1045 1218
1833 1439
247 1415
296 400
139 531
287 1344
624 230
1675 980
353 1875
1175 1165
925 1812
922 222
1015 869
183 1758
291 22
160 335
1233 1064
411 1744
1521 557
1953 1607
1132 1657
1399 1919
736 777
1230 1887
451 418
1240 529
1509 1036
337 119
1348 569
106 213
1552 1716
502 1968
881 450
1483 1333
399 21
1481 1104
1485 1395
1189 786
673 28
1619 1289
295 607
355 933
751 1596
1415 137
1768 1653
1551 928
582 1581
467 1489
428 727
1941 1099
988 449
1258 641
1197 1741
1576 637
608 850
1784 1905
179 1050
957 464
529 310
979 1171
1108 584
943 1110
391 1029
578 1780
663 877
1333 515
192 1263
241 1699
351 504
963 1366
761 1097
516 946
540 1555
78 76
981 776
616 357
1918 1194
717 582
1607 1121
995 1547
1243 1407
751 1881
140 1828
1411 1311
584 1370
1712 699
1381 1853
1523 1322
796 1176
1377 138
849 962
764 55
581 1199
1747 386
1067 344
751 258
724 1318
1924 733
1170 1481
314 1522
1286 1168
1734 1460
986 1923
1297 1087
1234 1865
1606 523
895 1529
31 87
371 1033
1686 1674
1474 1736
1975 178
461 251
1850 430
1362 1096
370 352
448 283
580 1450
608 176
1019 1356
1617 272
1725 1086
1343 742
1373 156
663 1270
300 1753
791 1919
1191 1984
883 1720
362 1059
1871 1615
1507 618
1930 1627
1965 1076
1895 1494
1333 1587
70 461
505 598
770 1356
735 986
241 981
1140 1736
1034 71
1990 516
331 683
67 1339
122 915
482 662
1197 1812
191 1394
655 427
1614 823
28 81
1681 808
73 1502
1133 828
691 492
513 377
1844 1714
357 517
1479 275
90 939
1988 333
839 1092
1934 583
1802 847
1939 483
92 1035
579 745
1280 1682
789 698
1464 417
1291 1136
617 1492
1827 1970
1241 815
1599 1861
1000 1941
770 1539
880 1917
889 390
1093 1881
1653 1005
1272 455
