1003 1622
741 354
1175 887
1143 453
1856 431
127 1464
271 843
749 210
1999 1054
826 1191
862 1470
1414 803
435 171
1796 1792
1522 1082
749 1772
1853 371
602 695
1012 416
489 1455
876 836
1631 405
476 535
1248 1464
134 1649
1526 435
483 940
1711 1871
1942 1915
570 1856
698 1766
1727 1736
564 38
1826 1519
425 1192
426 1567
344 1743
53 200
919 1741
454 1841
188 879
1950 468
1314 1383
555 1585
441 304
288 861
96 1625
1117 1893
615 1341
1877 1010
1217 1666
1775 544
1188 1412
1309 1085
158 1549
1642 1233
46 1201
195 579
1958 1356
697 42
1056 424
1891 1970
161 135
1530 1973
1231 551
1695 393
144 1175
1250 1800
791 416
1404 29
1450 365
1428 277
1205 1334
747 441
1122 275
1316 553
707 1129
1537 762
1771 1387
1997 760
1917 1008
1020 1053
1731 803
1648 1217
151 38
546 11
1148 638
339 543
811 128
145 1148
430 99
835 1996
760 1123
927 1686
1690 1582
1881 301
627 1178
388 1591
822 1290
884 1459
464 1505
314 1664
1975 1399
1093 1193
623 1914
660 1988
914 1298
1029 1408
362 1172
1047 315
164 507
1258 1623
64 608
916 1404
538 1547
2 1225
32 508
895 1868
889 829
1833 1156
991 762
1677 1405
1697 1606
1955 1875
223 1154
5 966
797 1449
1723 667
162 1029
177 647
746 1843
1929 1878
379 1339
1639 720
1917 1218
221 267
541 1197
343 296
150 749
761 1124
58 796
410 1735
1621 297
1486 517
1179 1575
755 1128
425 593
330 881
1995 1683
716 1270
