1442 1815
1484 1752
832 623
1151 1418
878 1874
452 1994
733 94
868 229
877 661
538 1239
1356 186
639 1443
886 503
361 495
1588 1870
1653 1719
1219 261
1831 762
1723 963
1594 34
409 431
1273 383
1692 356
57 1497
663 208
134 948
117 74
52 833
1843 1589
457 1103
554 1612
936 1602
310 1814
1226 1920
359 1546
656 101
36 1915
1327 797
1552 672
1239 1915
1813 37
1178 357
1894 647
381 1320
1364 1814
1343 1133
1726 1587
1122 783
81 1263
977 1321
1230 986
1981 1267
1334 778
376 28
1812 1440
112 1420
1313 1018
1311 1193
1208 1508
915 321
413 95
748 1362
60 586
803 1211
1201 623
805 326
810 531
245 820
559 1384
927 1009
364 1764
1047 329
1388 1017
1651 363
193 1449
1175 426
621 1110
1814 1874
413 1693
271 981
13 1379
965 0
718 666
1530 1307
1581 1458
945 1268
1138 400
1929 1674
248 1168
1324 423
1713 17
605 1175
879 1098
1619 596
1957 1552
1615 1863
1434 888
1870 1038
1960 1150
385 636
253 458
1597 1455
906 173
99 1737
1527 355
1022 1412
1246 1168
1193 1130
1081 1858
1178 1877
805 1195
743 988
1822 1946
1173 688
491 908
506 809
1219 1478
355 844
1337 1272
364 1557
1981 1991
474 1910
1879 198
1868 726
1071 1604
113 618
1775 1276
700 1081
800 236
1586 138
1397 364
891 369
1731 1342
252 1963
154 68
945 772
279 1025
1882 438
921 835
1363 1497
687 1699
1329 760
1328 1434
853 1053
615 436
1858 1016
1707 1468
747 554
1 48
381 1844
202 485
1729 1938
481 1065
1418 1073
1511 1540
174 459
1038 167
1774 1768
1946 1596
1251 778
863 184
1937 1777
1721 177
1968 1336
1362 409
846 1779
892 1095
1661 1159
1422 65
892 371
1015 1147
204 922
1725 1669
898 1502
339 639
1502 364
1821 1423
656 1873
1126 1492
17 768
314 78
859 1053
1825 1774
1104 1957
1317 312
223 220
389 1578
1335 1694
1651 386
1868 495
1263 1353
88 639
577 44
57 361
1863 68
1605 226
120 1095
226 1579
1631 1392
467 1743
481 615
69 898
1042 1609
1675 904
1393 259
823 1640
1275 1209
1712 1652
1018 160
320 28
296 881
1648 109
1036 220
239 413
1268 985
1675 1375
1724 1052
723 975
1093 1719
1347 852
113 15
351 1790
469 538
1866 484
1333 168
1134 1050
612 1885
1492 1601
1165 482
1917 316
694 474
850 302
1838 1339
204 1679
164 891
847 1153
1910 197
966 1110
1812 691
1563 536
1336 1435
1538 1763
1794 377
75 999
705 725
1081 599
113 774
1723 854
655 514
1316 254
718 81
1327 56
664 1850
1342 1332
1501 250
860 1306
709 1875
1422 1621
523 1177
192 1811
1320 1431
424 286
1786 1094
690 1607
1013 635
1909 437
1078 1746
1948 511
304 794
190 590
52 970
1286 308
1910 1686
812 1483
1745 1816
1653 1107
1995 787
1172 1424
1680 1434
637 948
103 1870
538 1235
1573 1735
180 246
944 1206
1213 858
1313 199
984 986
889 531
1584 1355
1189 1487
464 1913
50 50
1422 1891
1741 333
1452 449
877 683
244 757
1295 1403
1712 508
519 416
1527 410
1210 475
200 1730
613 1833
291 22
1562 222
83 1326
1013 923
551 1175
18 474
416 520
897 854
311 1685
1405 1728
558 1699
1113 1408
433 623
757 1281
82 1877
1193 278
1178 1413
38 1727
709 1292
1416 1329
1592 1465
1012 403
1774 1034
673 536
492 1615
640 180
1903 550
1610 1675
1406 569
1864 1396
291 1559
1807 811
1449 893
1632 1702
1288 607
1136 1714
806 704
1291 1982
1781 1444
77 9
1344 972
1695 401
1747 1154
1447 37
1223 869
1501 339
542 49
46 1174
521 1513
461 940
1885 140
746 1489
1720 1664
602 28
1699 1642
1010 1706
1269 477
1774 922
59 983
923 902
1657 1409
77 501
416 797
33 790
1539 1355
784 1779
611 226
1797 1483
1850 1576
364 375
1826 1313
247 1988
1533 1626
1014 287
782 360
833 62
111 309
1709 1133
1391 1455
523 1581
213 1359
1542 1497
1838 1936
417 189
102 743
1566 39
373 837
916 19
1618 576
1113 1184
1183 1849
207 609
1790 511
1405 213
872 1738
