9 244
218 1583
1111 908
700 1621
774 855
33 313
1978 1701
1554 452
555 566
161 1385
1487 1134
809 527
96 551
1886 1684
1468 606
1436 912
586 1542
62 493
1327 1839
279 376
524 1780
1699 1757
1476 1992
1577 1434
1285 355
1120 1519
1596 974
249 743
1629 1322
687 812
860 788
399 1314
240 484
137 1078
1831 820
890 1102
1448 1685
968 683
1478 1284
441 1553
1961 947
205 1106
969 666
1924 1549
1622 71
413 333
367 464
1377 283
178 432
903 505
1560 1928
1655 980
1553 623
1620 1662
900 121
474 1171
619 1070
176 1655
1117 213
1148 861
1538 1504
248 1997
1334 1110
1522 207
895 1898
1839 331
1065 763
486 520
925 769
1667 866
1371 13
1117 1832
826 600
569 336
1946 1000
1252 235
1984 650
1481 1101
1135 928
143 1207
600 318
1133 1767
615 1181
454 875
1284 1669
1245 1282
1340 186
27 1396
1256 432
374 422
1771 415
388 1699
1044 203
1509 1755
1382 1540
1328 526
1418 666
860 450
1015 1419
949 1920
