1832 684
596 739
1335 655
488 19
505 1090
1774 618
264 809
1749 1345
876 402
316 569
1228 1426
1695 372
1897 1490
1600 353
596 160
1040 1199
253 588
1447 408
1483 1297
44 115
1426 186
1878 519
1042 890
1082 910
1626 142
1487 1448
81 1027
1150 1571
904 714
442 523
1113 1131
918 1925
1762 1411
686 1845
1797 376
1383 417
545 888
1919 1718
1535 497
1459 1087
1073 253
626 1034
375 700
1265 71
97 1319
1678 1313
333 830
1112 1590
534 864
1893 1714
915 489
1866 232
1056 695
1272 725
118 1978
891 1653
1065 1909
1652 413
419 1193
746 970
54 944
1045 1836
166 758
72 1439
499 1197
992 1480
206 791
107 1981
1604 353
1619 1842
1978 52
1434 853
183 1975
334 1090
480 545
1465 641
947 475
1840 685
89 574
704 1557
1564 270
1016 1701
1971 1856
898 0
1897 55
1875 1745
852 723
92 666
865 1342
367 1121
648 930
1827 265
296 1568
749 1940
1811 1107
961 13
980 572
1527 966
188 232
372 473
822 576
1246 1875
1283 671
322 1466
1358 1454
1865 1982
476 1709
232 706
1436 1622
8 37
880 913
1837 194
1421 880
749 135
202 1427
1463 256
1288 71
868 1767
1746 1249
1113 1965
242 1145
1239 1206
1264 205
1472 1333
919 1680
1558 1072
1620 255
1587 1699
236 1975
1827 1589
439 52
1482 195
1468 368
242 1748
982 602
1117 1774
1452 839
1967 1164
1689 1162
146 1839
1337 1934
1751 803
1018 270
785 1565
537 827
1488 1111
510 1119
450 330
1925 474
112 968
1067 636
153 84
1268 68
1107 1715
420 690
1803 1201
312 1981
408 1604
1241 233
1662 1569
1251 139
861 257
69 1059
222 1838
1886 1543
279 1468
121 591
1497 862
1943 530
44 203
1027 224
332 280
231 212
382 1677
1744 13
310 9
493 1759
1430 363
1162 1894
168 1011
1577 1172
564 565
914 880
970 1037
610 654
952 57
115 627
810 1344
1655 1070
1648 1503
1160 282
426 1035
1006 1530
1856 1142
1281 1757
943 331
1546 284
1492 1893
1752 606
1643 1313
